How many countries do you want to add to the list?
10
Adding country with name Djibouti to the end of the list.
Adding country with name United States to the end of the list.
Adding country with name Gibraltar to the end of the list.
Adding country with name Cuba to the end of the list.
Adding country with name Morocco to the end of the list.
Adding country with name IBRD only to the end of the list.
Adding country with name "Macedonia, FYR" to the end of the list.
Adding country with name Belgium to the end of the list.
Adding country with name Sub-Saharan Africa (IDA & IBRD countries) to the end of the list.
Adding country with name Cuba to the end of the list.

Names of countries in list:
0 Djibouti, 1 United States, 2 Gibraltar, 3 Cuba, 4 Morocco, 5 IBRD only, 6 "Macedonia, FYR", 7 Belgium, 8 Sub-Saharan Africa (IDA & IBRD countries), 9 Cuba,

Size of list: 10

List of countries:
                            1960   1961   1962   1963   1964   1965   1966   1967   1968   1969   1970   1971   1972   1973   1974   1975   1976   1977   1978   1979   1980   1981   1982   1983   1984   1985   1986   1987   1988   1989   1990   1991   1992   1993   1994   1995   1996   1997   1998   1999   2000   2001   2002   2003   2004   2005   2006   2007   2008   2009   2010   2011   2012   2013   2014
Djibouti                    0.00   0.00   0.00   0.00   0.00   0.00   0.00   0.00   0.00   0.00   0.00   0.00   0.00   0.00   0.00   0.00   0.00   0.00   0.00   0.00   0.00   0.00   0.00   0.00   0.00   0.00   0.00   0.00   0.00   0.00   0.00   0.00   0.00   0.00   0.00   0.00   0.02   0.03   0.03   0.04   0.03   0.41   2.01   3.05   4.50   5.67   5.69   8.71  13.93  15.67  19.86  22.80  24.72  27.97  32.39
United States               0.00   0.00   0.00   0.00   0.00   0.00   0.00   0.00   0.00   0.00   0.00   0.00   0.00   0.00   0.00   0.00   0.00   0.00   0.00   0.00   0.00   0.00   0.00   0.00   0.04   0.14   0.28   0.50   0.83   1.39   2.08   2.94   4.25   6.10   9.10  12.60  16.24  20.14  24.89  30.58  38.47  44.69  48.85  54.85  62.55  68.32  76.29  82.06  85.21  88.62  91.31  94.44  96.01  97.08 110.20
Gibraltar                   0.00   0.00   0.00   0.00   0.00   0.00   0.00   0.00   0.00   0.00   0.00   0.00   0.00   0.00   0.00   0.00   0.00   0.00   0.00   0.00   0.00   0.00   0.00   0.00   0.00   0.00   0.00   0.00   0.00   0.00   0.00   0.00   0.00   0.00   0.00   2.42   3.67   5.95   8.99  13.40  20.32  35.47  43.47  55.96  63.87  68.78  75.23  81.90  88.75  97.72 102.55 111.07 118.67   0.00 129.54
Cuba                        0.00   0.00   0.00   0.00   0.00   0.00   0.00   0.00   0.00   0.00   0.00   0.00   0.00   0.00   0.00   0.00   0.00   0.00   0.00   0.00   0.00   0.00   0.00   0.00   0.00   0.00   0.00   0.00   0.00   0.00   0.00   0.00   0.00   0.00   0.01   0.02   0.02   0.03   0.04   0.05   0.06   0.08   0.16   0.31   0.67   1.20   1.35   1.75   2.94   5.50   8.89  11.66  14.92  17.71  22.48
Morocco                     0.00   0.00   0.00   0.00   0.00   0.00   0.00   0.00   0.00   0.00   0.00   0.00   0.00   0.00   0.00   0.00   0.00   0.00   0.00   0.00   0.00   0.00   0.00   0.00   0.00   0.00   0.00   0.00   0.00   0.00   0.00   0.01   0.01   0.03   0.05   0.11   0.16   0.27   0.42   1.30   8.16  16.44  21.15  24.88  31.27  41.14  52.66  65.31  73.71  80.93 101.07 114.02 119.97 128.53 131.71
IBRD only                   0.00   0.00   0.00   0.00   0.00   0.00   0.00   0.00   0.00   0.00   0.00   0.00   0.00   0.00   0.00   0.00   0.00   0.00   0.00   0.00   0.00   0.00   0.00   0.00   0.00   0.00   0.00   0.00   0.00   0.00   0.01   0.02   0.04   0.08   0.16   0.32   0.57   1.04   1.70   3.08   5.56   8.66  11.98  16.19  22.13  29.72  38.24  47.30  57.20  67.22  78.43  87.14  91.48  96.71  99.34
"Macedonia, FYR"            0.00   0.00   0.00   0.00   0.00   0.00   0.00   0.00   0.00   0.00   0.00   0.00   0.00   0.00   0.00   0.00   0.00   0.00   0.00   0.00   0.00   0.00   0.00   0.00   0.00   0.00   0.00   0.00   0.00   0.00   0.00   0.00   0.00   0.00   0.00   0.00   0.05   0.62   1.49   2.40   5.64  10.81  17.61  37.29  47.25  54.11  60.36  85.59  93.75  92.51 102.44 105.20 106.17 106.17 105.50
Belgium                     0.00   0.00   0.00   0.00   0.00   0.00   0.00   0.00   0.00   0.00   0.00   0.00   0.00   0.00   0.00   0.00   0.00   0.00   0.00   0.00   0.00   0.00   0.00   0.00   0.00   0.00   0.04   0.07   0.19   0.31   0.43   0.51   0.61   0.67   1.26   2.32   4.69   9.55  17.18  31.11  54.82  74.72  78.36  82.87  87.46  91.40  93.01 100.56 105.28 108.40 111.08 113.53 111.33 110.90 114.27
Sub-Saharan Africa (IDA & IBRD countries)   0.00   0.00   0.00   0.00   0.00   0.00   0.00   0.00   0.00   0.00   0.00   0.00   0.00   0.00   0.00   0.00   0.00   0.00   0.00   0.00   0.00   0.00   0.00   0.00   0.00   0.00   0.00   0.00   0.00   0.00   0.00   0.00   0.00   0.01   0.07   0.10   0.18   0.34   0.61   1.00   1.72   2.50   3.59   4.97   7.40  12.02  17.76  23.18  31.89  37.68  44.41  53.09  59.72  66.08  71.03
Cuba                        0.00   0.00   0.00   0.00   0.00   0.00   0.00   0.00   0.00   0.00   0.00   0.00   0.00   0.00   0.00   0.00   0.00   0.00   0.00   0.00   0.00   0.00   0.00   0.00   0.00   0.00   0.00   0.00   0.00   0.00   0.00   0.00   0.00   0.00   0.01   0.02   0.02   0.03   0.04   0.05   0.06   0.08   0.16   0.31   0.67   1.20   1.35   1.75   2.94   5.50   8.89  11.66  14.92  17.71  22.48


What country do you want to search for?
Belgium
Country Belgium found with details:
Belgium                     0.00   0.00   0.00   0.00   0.00   0.00   0.00   0.00   0.00   0.00   0.00   0.00   0.00   0.00   0.00   0.00   0.00   0.00   0.00   0.00   0.00   0.00   0.00   0.00   0.00   0.00   0.04   0.07   0.19   0.31   0.43   0.51   0.61   0.67   1.26   2.32   4.69   9.55  17.18  31.11  54.82  74.72  78.36  82.87  87.46  91.40  93.01 100.56 105.28 108.40 111.08 113.53 111.33 110.90 114.27


Names of countries in list:
0 Djibouti, 1 United States, 2 Gibraltar, 3 Cuba, 4 Morocco, 5 IBRD only, 6 "Macedonia, FYR", 7 Belgium, 8 Sub-Saharan Africa (IDA & IBRD countries), 9 Cuba,

What country would you like subscription information about? (Enter a index between 0 and 9)
9

What subscription period do you want to total? (Enter [starting year],[end year].)
2012,2020
Illegal Argument Request of year range 2012 - 2020. Valid period for Cuba is 2012 to 2014
Total subscriptions for Cuba between 2012 and 2020 is 55.113485

Done with TestGenericList.
